,X1 transaction date,X2 house age,X3 distance to the nearest MRT station,X4 number of convenience stores,X5 latitude,X6 longitude,Y house price of unit area
X1 transaction date,1.0,0.01754234116694396,0.060880094732976606,0.009544199053407273,0.03501630526573306,-0.04106507790317332,0.08752927169732971
X2 house age,0.01754234116694396,1.0,0.025622047362740975,0.04959251292396381,0.054419901960111754,-0.048520053385389686,-0.21056704627721676
X3 distance to the nearest MRT station,0.060880094732976606,0.025622047362740975,1.0,-0.6025191447226251,-0.5910665729874878,-0.8063167695693654,-0.6736128553689182
X4 number of convenience stores,0.009544199053407273,0.04959251292396381,-0.6025191447226251,1.0,0.4441433056524694,0.4490990073533303,0.5710049111111479
X5 latitude,0.03501630526573306,0.054419901960111754,-0.5910665729874878,0.4441433056524694,1.0,0.4129239447594798,0.5463066525036089
X6 longitude,-0.04106507790317332,-0.048520053385389686,-0.8063167695693654,0.4490990073533303,0.4129239447594798,1.0,0.5232865070288262
Y house price of unit area,0.08752927169732971,-0.21056704627721676,-0.6736128553689182,0.5710049111111479,0.5463066525036089,0.5232865070288262,1.0
